ISO	Gold/medals	Silver/medals	Bronze/medals	total/medals	total weight/points	GDP.2011	pop.2010	GDP/per
ABW	0	0	0	0	0	2,456,000,000.00	108,000	22740.74074
AFG	0	0	1	1	1	20,343,461,030.00	34,385,000	591.6376626
AGO	0	0	0	0	0	100,990,000,000.00	19,082,000	5292.422178
ALB	0	0	0	0	0	12,959,563,902.00	3,205,000	4043.545679
AND	0	0	0	0	0	3,491,000,000.00	84,864	41136.40649
ARE	0	0	0	0	0	360,245,000,000.00	7,512,000	47955.93717
ARG	1	1	2	4	7	445,989,000,000.00	40,412,000	11036.05365
ARM	0	1	2	3	4	10,247,788,877.00	3,092,000	3314.291357
ASM	0	0	0	0	0	537,000,000.00	68,420	7848.582286
ATG	0	0	0	0	0	1,128,708,617.00	88,000	12826.23428
AUS	7	16	12	35	65	1,371,760,000,000.00	22,299,000	61516.65994
AUT	0	0	0	0	0	418,484,000,000.00	8,390,000	49878.90346
AZE	2	2	6	10	16	63,403,650,746.00	9,054,000	7002.833084
BDI	0	0	0	0	0	2,325,972,144.00	8,382,000	277.4960802
BEL	0	1	2	3	4	511,533,000,000.00	10,896,000	46946.86123
BEN	0	0	0	0	0	7,294,865,847.00	8,850,000	824.2786268
BFA	0	0	0	0	0	10,187,211,704.00	16,468,000	618.6064916
BGD	0	0	0	0	0	110,612,000,000.00	148,692,000	743.9001426
BGR	0	1	1	2	3	53,514,098,360.00	7,534,000	7103.01279
BHR	0	0	1	1	1	22,945,000,000.00	1,262,000	18181.458
BHS	1	0	0	1	3	7,787,514,000.00	343,000	22704.12245
BIH	0	0	0	0	0	18,088,238,053.00	3,760,000	4810.70161
BLR	2	5	5	12	21	55,136,144,037.00	9,490,000	5809.920341
BLZ	0	0	0	0	0	1,474,000,000.00	345,000	4272.463768
BMU	0	0	0	0	0	6,015,000,000.00	64,600	93111.45511
BOL	0	0	0	0	0	24,426,829,466.00	9,929,000	2460.150012
BRA	3	5	9	17	28	2,476,650,000,000.00	194,946,000	12704.28734
BRB	0	0	0	0	0	3,685,000,000.00	274,000	13448.90511
BRN	0	0	0	0	0	13,024,000,000.00	399,000	32641.60401
BTN	0	0	0	0	0	1,688,939,892.00	726,000	2326.363488
BWA	0	1	0	1	2	17,627,441,191.00	2,007,000	8782.980165
CAF	0	0	0	0	0	2,165,868,600.00	4,401,000	492.1310157
CAN	1	5	12	18	25	1,736,050,000,000.00	34,126,000	50871.76933
CHE	2	2	0	4	10	635,650,000,000.00	7,826,000	81222.84692
CHL	0	0	0	0	0	248,585,000,000.00	17,113,688	14525.5073
CHN	38	27	23	88	191	7,298,100,000,000.00	1,338,300,000	5453.261601
CIV	0	0	0	0	0	24,074,625,536.00	19,738,000	1219.709471
CMR	0	0	0	0	0	25,464,850,391.00	19,599,000	1299.293351
COD	0	0	0	0	0	15,642,236,881.00	65,965,000	237.1293395
COG	0	0	0	0	0	14,748,024,198.00	4,043,000	3647.792282
COK	0	0	0	0	0	248,000,000.00	20,000	12400
COL	1	3	4	8	13	331,655,000,000.00	46,295,000	7163.948591
COM	0	0	0	0	0	610,114,091.70	735,000	830.0871996
CPV	0	0	0	0	0	1,901,136,230.00	496,000	3832.935948
CRI	0	0	0	0	0	41,006,959,585.00	4,659,000	8801.665504
CUB	5	3	6	14	27	64,100,000,000.00	11,258,000	5693.728904
CYM	0	0	0	0	0	3,208,000,000.00	56,230	57051.39605
CYP	0	1	0	1	2	24,689,602,446.00	659,350	37445.36657
CZE	4	3	3	10	21	215,215,000,000.00	10,520,000	20457.69962
DEU	11	19	14	44	85	3,570,560,000,000.00	81,777,000	43662.1544
DJI	0	0	0	0	0	1,140,000,000.00	889,000	1282.339708
DMA	0	0	0	0	0	482,277,143.10	68,000	7092.310928
DNK	2	4	3	9	17	332,677,000,000.00	5,547,000	59974.2203
DOM	1	1	0	2	5	55,611,245,616.00	9,927,000	5602.019303
DZA	1	0	0	1	3	188,681,000,000.00	35,468,000	5319.753017
ECU	0	0	0	0	0	67,002,768,302.00	14,465,000	4632.06141
EGY	0	2	0	2	4	229,531,000,000.00	81,121,000	2829.489281
ERI	0	0	0	0	0	2,608,715,447.00	5,254,000	496.5198795
ESP	3	10	4	17	33	1,490,810,000,000.00	46,071,000	32358.96768
EST	0	1	1	2	3	22,184,722,472.00	1,340,000	16555.76304
ETH	3	1	3	7	14	31,708,848,033.00	82,950,000	382.2645935
FIN	0	1	2	3	4	266,071,000,000.00	5,364,000	49603.09471
FJI	0	0	0	0	0	3,812,749,216.00	860,000	4433.429321
FRA	11	11	12	34	67	2,773,030,000,000.00	64,895,000	42731.02704
FSM	0	0	0	0	0	318,100,000.00	111,000	2865.765766
GAB	0	1	0	1	2	17,051,616,749.00	1,505,000	11329.97791
GBR	29	17	19	65	140	2,431,590,000,000.00	62,232,000	39072.98496
GEO	1	3	3	7	12	14,366,566,609.00	4,452,000	3226.991601
GHA	0	0	0	0	0	39,199,656,051.00	24,392,000	1607.070189
GIN	0	0	0	0	0	5,131,221,608.00	9,982,000	514.0474462
GMB	0	0	0	0	0	1,109,306,596.00	1,729,000	641.588546
GNB	0	0	0	0	0	973,427,456.50	1,515,000	642.5263739
GNQ	0	0	0	0	0	19,789,801,404.00	700,000	28271.14486
GRC	0	0	2	2	2	298,734,000,000.00	11,316,000	26399.25769
GRD	1	0	0	1	3	816,054,092.20	104,000	7846.673963
GTM	0	1	0	1	2	46,900,000,257.00	14,389,000	3259.434308
GUM	0	0	0	0	0	2,773,000,000.00	179,000	15491.62011
GUY	0	0	0	0	0	2,260,000,000.00	755,000	2993.377483
HKG	0	0	1	1	1	243,666,000,000.00	7,068,000	34474.53311
HND	0	0	0	0	0	17,259,407,972.00	7,600,000	2270.974733
HRV	3	1	2	6	13	63,850,068,202.00	4,418,000	14452.25627
HTI	0	0	0	0	0	7,346,156,703.00	9,993,000	735.1302615
HUN	8	4	5	17	37	140,029,000,000.00	10,000,000	14002.9
IDN	0	1	1	2	3	846,832,000,000.00	239,870,000	3530.378955
IND	0	2	4	6	8	1,847,980,000,000.00	1,224,615,000	1509.029368
IRL	1	1	3	5	8	217,275,000,000.00	4,475,000	48553.07263
IRN	4	5	3	12	25	386,670,000,000.00	73,973,000	5227.177484
IRQ	0	0	0	0	0	115,388,000,000.00	32,031,000	3602.385189
ISL	0	0	0	0	0	14,059,073,613.00	318,000	44210.92331
ISR	0	0	0	0	0	242,929,000,000.00	7,624,000	31863.71983
ITA	8	9	11	28	53	2,194,750,000,000.00	60,483,000	36287.05587
JAM	4	4	4	12	24	15,069,767,442.00	2,702,000	5577.264042
JOR	0	0	0	0	0	28,840,197,019.00	6,047,000	4769.339676
JPN	7	14	17	38	66	5,867,150,000,000.00	127,451,000	46034.55446
KAZ	7	1	5	13	28	186,198,000,000.00	16,323,000	11407.09428
KEN	2	4	5	11	19	33,620,684,016.00	40,513,000	829.8739668
KGZ	0	0	0	0	0	5,918,610,958.00	5,448,000	1086.382334
KHM	0	0	0	0	0	12,875,310,959.00	14,139,000	910.6238743
KIR	0	0	0	0	0	177,960,936.90	100,000	1779.609369
KNA	0	0	0	0	0	708,955,238.40	52,000	13633.75458
KOR	13	8	7	28	62	1,116,250,000,000.00	48,875,000	22838.87468
KWT	0	0	1	1	1	176,590,000,000.00	2,736,000	64543.12865
LAO	0	0	0	0	0	8,297,664,741.00	6,201,000	1338.117197
LBN	0	0	0	0	0	42,185,230,768.00	4,227,000	9979.94577
LBR	0	0	0	0	0	1,161,000,000.00	3,994,000	290.686029
LBY	0	0	0	0	0	71,950,000,000.00	6,355,000	11321.79386
LCA	0	0	0	0	0	1,232,180,089.00	174,000	7081.494764
LIE	0	0	0	0	0	5,145,000,000.00	36,032	142789.7425
LKA	0	0	0	0	0	59,172,135,299.00	20,860,000	2836.631606
LSO	0	0	0	0	0	2,426,200,017.00	2,171,000	1117.549524
LTU	2	1	2	5	10	42,725,404,055.00	3,287,000	12998.29755
LUX	0	0	0	0	0	59,474,583,333.00	507,000	117306.8705
LVA	1	0	1	2	4	28,252,498,853.00	2,239,000	12618.3559
MAR	0	0	1	1	1	100,221,000,000.00	31,951,000	3136.709336
MCO	0	0	0	0	0	5,424,000,000.00	35,407	153190.0472
MDA	0	0	2	2	2	7,000,318,677.00	3,562,000	1965.277562
MDG	0	0	0	0	0	9,946,995,390.00	20,714,000	480.206401
MDV	0	0	0	0	0	2,050,135,788.00	316,000	6487.771481
MEX	1	3	3	7	12	1,155,320,000,000.00	113,423,000	10185.94112
MHL	0	0	0	0	0	173,700,000.00	54,038	3214.404678
MKD	0	0	0	0	0	10,165,373,218.00	2,060,000	4934.647193
MLI	0	0	0	0	0	10,589,925,352.00	15,370,000	688.9996976
MLT	0	0	0	0	0	8,886,572,143.00	416,000	21361.95227
MMR	0	0	0	0	0	50,200,000,000.00	47,963,000	1046.640118
MNE	0	1	0	1	2	4,550,463,278.00	632,000	7200.100123
MNG	0	2	3	5	7	8,557,529,910.00	2,756,000	3105.054394
MOZ	0	0	0	0	0	12,797,754,231.00	23,390,000	547.1463972
MRT	0	0	0	0	0	4,075,675,053.00	3,460,000	1177.940767
MUS	0	0	0	0	0	11,313,454,891.00	1,281,000	8831.736839
MWI	0	0	0	0	0	5,700,383,783.00	14,901,000	382.5504183
MYS	0	1	1	2	3	278,671,000,000.00	28,401,000	9812.013661
NAM	0	0	0	0	0	12,300,698,895.00	2,283,000	5387.953962
NER	0	0	0	0	0	6,016,960,988.00	15,512,000	387.890729
NGA	0	0	0	0	0	235,923,000,000.00	158,423,000	1489.196644
NIC	0	0	0	0	0	7,297,481,501.00	5,789,000	1260.577216
NLD	6	6	8	20	38	836,257,000,000.00	16,616,000	50328.41839
NOR	2	1	1	4	9	485,803,000,000.00	4,889,000	99366.53712
NPL	0	0	0	0	0	18,884,495,628.00	29,959,000	630.3446586
NRU	0	0	0	0	0	63,000,000.00	10,372	6074.045507
NZL	6	2	5	13	27	141,406,000,000.00	4,368,000	32373.1685
OMN	0	0	0	0	0	71,781,535,039.00	2,783,000	25792.86203
PAK	0	0	0	0	0	211,092,000,000.00	173,593,000	1216.016775
PAN	0	0	0	0	0	30,676,800,000.00	3,517,000	8722.433893
PER	0	0	0	0	0	176,662,000,000.00	29,076,000	6075.870133
PHL	0	0	0	0	0	224,754,000,000.00	93,261,000	2409.94628
PLW	0	0	0	0	0	179,912,815.90	20,472	8788.238369
PNG	0	0	0	0	0	12,937,183,216.00	6,858,000	1886.436748
POL	2	2	6	10	16	514,496,000,000.00	38,184,000	13474.12529
PRI	0	1	1	2	3	99,202,000,000.00	3,978,000	24937.65711
PRK	4	0	2	6	14	12,280,000,000.00	24,589,122	499.4078276
PRT	0	1	0	1	2	237,522,000,000.00	10,638,000	22327.69318
PRY	0	0	0	0	0	23,877,089,240.00	6,454,000	3699.579988
PSE	0	0	0	0	0	4,000,000,000.00	4,152,000	963.3911368
QAT	0	0	2	2	2	172,982,000,000.00	1,759,000	98341.1029
ROU	2	5	2	9	18	179,794,000,000.00	21,438,000	8386.69652
RUS	24	26	32	82	156	1,857,770,000,000.00	141,750,000	13105.9612
RWA	0	0	0	0	0	6,377,408,665.00	10,624,000	600.2831951
SAU	0	0	1	1	1	576,824,000,000.00	27,448,000	21015.15593
SDN	0	0	0	0	0	55,097,394,769.00	43,552,000	1265.094479
SEN	0	0	0	0	0	14,291,456,855.00	12,434,000	1149.385303
SGP	0	0	2	2	2	239,700,000,000.00	5,077,000	47212.92102
SLB	0	0	0	0	0	838,022,104.90	538,000	1557.661905
SLE	0	0	0	0	0	2,242,960,927.00	5,867,000	382.3011636
SLV	0	0	0	0	0	23,054,100,000.00	6,193,000	3722.606168
SMR	0	0	0	0	0	1,487,000,000.00	31,534	47155.45126
SOM	0	0	0	0	0	1,071,000,000.00	9,331,000	114.7786947
SRB	1	1	2	4	7	45,043,430,299.00	7,291,000	6177.949568
STP	0	0	0	0	0	248,286,777.50	165,000	1504.768348
SUR	0	0	0	0	0	3,790,000,000.00	525,000	7219.047619
SVK	0	1	3	4	5	95,994,147,901.00	5,430,000	17678.48028
SVN	1	1	2	4	7	49,539,271,105.00	2,049,000	24177.2919
SWE	1	4	3	8	14	538,131,000,000.00	9,378,000	57382.27767
SWZ	0	0	0	0	0	3,977,754,360.00	1,056,000	3766.812841
SYC	0	0	0	0	0	1,007,186,292.00	87,000	11576.85393
SYR	0	0	0	0	0	59,834,000,000.00	20,447,000	2926.297256
TCD	0	0	0	0	0	9,485,741,541.00	11,227,000	844.9043859
TGO	0	0	0	0	0	3,594,513,925.00	6,028,000	596.3029073
THA	0	2	1	3	5	345,649,000,000.00	69,122,000	5000.56422
TJK	0	0	1	1	1	6,522,200,291.00	6,879,000	948.1320382
TKM	0	0	0	0	0	24,107,017,544.00	5,042,000	4781.241084
TLS	0	0	0	0	0	1,054,000,000.00	1,124,000	937.7224199
TON	0	0	0	0	0	435,589,199.60	104,000	4188.357688
TTO	1	0	3	4	6	22,483,115,868.00	1,341,000	16765.93279
TUN	1	1	1	3	6	45,863,804,800.00	10,549,000	4347.692179
TUR	2	2	1	5	11	773,091,000,000.00	72,752,000	10626.38828
TUV	0	0	0	0	0	35,784,426.83	9,827	3641.439588
TWN	0	1	1	2	3	876,035,000,000.00	23,174,528	37801.6329
TZA	0	0	0	0	0	23,705,302,063.00	44,841,000	528.6523954
UGA	1	0	0	1	3	16,809,623,489.00	33,424,000	502.9207602
UKR	6	5	9	20	37	165,245,000,000.00	45,871,000	3602.384949
URY	0	0	0	0	0	46,709,797,684.00	3,357,000	13914.14885
USA	46	29	29	104	225	15,094,000,000,000.00	309,349,000	48792.78743
UZB	1	0	3	4	6	45,359,432,355.00	28,228,000	1606.89501
VCT	0	0	0	0	0	687,993,692.70	109,000	6311.86874
VEN	1	0	0	1	3	316,482,000,000.00	28,834,000	10976.00055
VGB	0	0	0	0	0	909,000,000.00	88,000	10329.54545
VIR	0	0	0	0	0	1,577,000,000.00	110,000	14336.36364
VNM	0	0	0	0	0	123,961,000,000.00	86,928,000	1426.019234
VUT	0	0	0	0	0	819,227,088.40	240,000	3413.446202
WSM	0	0	0	0	0	649,414,531.10	184,000	3529.426799
YEM	0	0	0	0	0	33,757,503,322.00	24,053,000	1403.463324
ZAF	3	2	1	6	14	408,237,000,000.00	49,991,000	8166.209918
ZMB	0	0	0	0	0	19,206,011,889.00	12,927,000	1485.728467
ZWE	0	0	0	0	0	9,900,000,000.00	12,571,000	787.5268475
